86.90
88.75
87.35
86.55
87.30
86.20
85.10
85.60
85.65
86.65
87.05
85.80
86.85
88.60
85.20
86.85
85.80
88.00
87.40
86.25
86.80
86.85
86.60
85.60
85.90
86.90
86.70
86.05
86.30
85.65
86.35
85.25
85.05
85.25
85.55
84.45
84.55
86.20
86.80
85.75
85.85
84.45
85.50
87.00
87.00
87.50
86.30
87.30
88.00
87.60
89.20
89.50
88.90
88.90
90.85
89.45
91.50
90.40
89.40
88.35
88.20
88.40
88.75
88.25
89.15
90.20
88.80
88.75
86.65
85.70
86.65
87.25
87.25
89.50
87.55
86.35
87.05
88.80
86.20
86.70
86.55
86.90
85.75
86.00
84.90
85.50
85.85
85.60
85.30
86.25
87.60
87.55
90.40
88.55
89.15
87.70
86.85
87.10
87.90
89.15
88.55
88.55
89.25
90.35
90.00
90.80
90.00
89.80
87.95
90.75
89.85
89.20
88.60
88.75
89.45
91.25
89.35
90.15
90.50
88.10
86.20
84.45
86.60
88.20
87.65
86.05
87.35
87.05
85.25
85.00
86.90
87.00
84.75
85.30
85.60
85.05
85.30
84.75
85.05
84.65
86.15
85.40
86.20
86.70
86.80
84.35
85.55
85.35
85.30
87.50
85.70
86.75
87.05
85.40
86.85
86.10
86.30
87.35
86.80
87.80
88.95
86.95
87.95
88.15
87.50
86.90
86.00
86.75
85.55
87.20
87.55
85.70
86.05
84.90
86.55
87.30
86.80
85.35
85.85
86.75
88.10
87.15
86.55
87.40
87.10
86.35
87.05
86.50
86.55
86.65
87.10
85.95
86.30
87.15
87.75
87.20
87.75
88.30
89.65
87.90
88.50
88.10
88.30
86.60
85.55
86.95
85.95
88.35
86.80
85.70
87.70
87.05
87.80
86.80
86.60
87.10
86.75
87.05
87.40
88.85
87.90
89.10
88.05
88.75
88.55
88.10
89.60
89.95
88.00
86.25
87.40
87.45
87.80
87.00
87.30
86.95
86.45
87.25
87.40
88.25
87.15
85.70
86.20
87.15
87.00
87.60
87.65
86.55
87.05
88.00
84.95
86.00
86.50
87.00
86.45
86.25
85.65
85.90
86.80
86.20
85.85
86.20
85.90
86.25
86.15
87.00
87.25
87.80
88.90
88.60
88.95
88.70
88.35
87.75
88.15
89.05
88.85
89.30
88.95
88.45
88.35
88.25
